64.00,64.00,4.50,0.00,0.00
71.00,142.00,8.75,101.00,21.64
199.00,138.00,0.50,126.09,14.91
199.00,138.00,0.50,19.45,10.27
199.00,138.00,0.50,0.09,0.09
199.00,138.00,0.50,0.00,0.00
199.00,138.00,0.50,0.18,1.27
199.00,138.00,0.50,0.73,0.64
199.00,138.00,0.50,1.45,1.64
199.00,138.00,0.50,0.36,0.45
199.00,138.00,0.50,0.55,1.91
199.00,138.00,0.50,0.00,0.00
199.00,138.00,0.50,0.00,0.00
199.00,138.00,0.50,0.18,0.45
199.00,138.00,0.50,0.00,0.00
199.00,138.00,0.50,0.18,0.00
199.00,138.00,0.50,0.73,1.45
165.00,95.00,2.50,139.00,10.74
165.06,96.56,1.50,7.27,8.55
162.07,108.02,1.50,30.55,2.55
160.10,111.85,1.50,32.00,4.09
155.13,112.82,4.50,103.09,32.45
158.68,111.64,4.50,97.91,50.64
158.86,111.58,4.50,136.27,20.91
159.22,111.36,4.50,166.27,73.83
167.83,111.80,2.79,67.64,5.45
180.73,117.18,9.50,80.36,25.45
178.72,132.76,7.50,3.36,2.36
178.19,142.89,4.71,9.00,3.11
184.81,125.10,9.50,34.09,8.03
179.20,134.28,7.50,3.00,0.17
182.05,136.27,8.50,4.64,5.73
179.37,137.02,7.50,8.82,0.36
176.95,145.97,3.58,10.91,15.83
185.90,129.10,9.50,15.09,6.16
185.90,137.66,9.50,50.36,7.11
185.90,137.90,9.50,3.00,8.91
177.94,140.17,6.47,32.36,8.09
179.39,145.57,4.06,13.27,12.13
177.61,143.10,4.73,0.18,7.96
158.85,139.81,3.50,61.82,0.73
173.43,145.79,3.85,48.36,10.14
164.66,144.21,3.50,127.55,7.22
154.66,140.23,4.50,52.64,1.09
147.71,138.98,3.72,5.18,10.40
166.89,137.80,4.50,14.09,0.48
166.90,138.57,4.50,20.09,3.58
166.90,138.57,4.50,0.00,0.00
166.90,138.57,4.50,0.00,0.00
71.05,166.85,15.25,135.55,23.48
70.24,167.37,15.25,48.36,17.51
72.73,167.01,15.25,107.82,1.27
77.36,163.41,15.25,116.82,34.36
80.92,157.60,14.45,20.00,60.26
87.95,151.24,10.59,68.00,75.18
83.13,147.70,8.50,69.64,56.45
82.65,148.07,8.50,52.82,22.36
82.65,148.07,8.50,0.00,0.00
82.65,148.07,8.50,0.09,0.27
64.00,64.00,4.50,0.00,0.00
55.00,112.00,1.50,16.91,21.73
43.00,12.00,3.88,66.00,97.91
43.00,12.00,3.88,0.00,0.00
43.00,12.00,3.88,0.00,0.00
43.00,12.00,3.88,0.00,0.00
43.00,12.00,3.88,0.00,0.00
43.00,12.00,3.88,0.00,0.00
43.00,12.00,3.88,0.00,0.00
43.00,12.00,3.88,0.09,0.09
43.00,12.00,3.88,0.36,0.18
43.00,12.00,3.88,9.55,2.09
43.00,12.00,3.88,0.00,0.00
43.00,12.00,3.88,0.00,0.00
43.00,12.00,3.88,0.00,0.00
43.00,12.00,3.88,0.00,0.00
43.00,12.00,3.88,40.27,14.73
43.00,12.00,3.88,0.55,1.91
43.00,12.00,3.88,23.73,27.91
43.00,12.00,3.88,0.00,0.00
43.00,12.00,3.88,0.09,0.00
43.00,12.00,3.88,0.00,0.00
43.00,12.00,3.88,0.00,0.00
43.00,12.00,3.88,0.09,0.18
43.00,12.00,3.88,5.18,1.27
43.00,12.00,3.88,0.00,0.27
43.00,12.00,3.88,0.00,0.00
43.00,12.00,3.88,0.36,5.55
43.00,12.00,3.88,1.18,1.09
43.00,12.00,3.88,0.36,0.45
43.00,12.00,3.88,1.91,6.82
43.00,12.00,3.88,0.45,0.64
43.00,12.00,3.88,10.82,10.09
43.00,12.00,3.88,2.00,3.45
43.00,12.00,3.88,1.00,0.91
43.00,12.00,3.88,0.00,0.00
43.00,12.00,3.88,11.27,4.73
43.00,12.00,3.88,0.18,0.91
43.00,12.00,3.88,17.64,15.45
43.00,12.00,3.88,11.27,10.64
43.00,12.00,3.88,0.45,0.45
43.00,12.00,3.88,0.18,0.09
43.00,12.00,3.88,0.00,0.00
43.00,12.00,3.88,0.00,0.00
43.00,12.00,3.88,0.18,0.09
43.00,12.00,3.88,0.18,0.36
43.00,12.00,3.88,0.45,1.45
43.00,12.00,3.88,0.00,0.00
43.00,12.00,3.88,0.09,0.00
43.00,12.00,3.88,0.00,0.00
89.00,98.00,4.50,76.45,5.81
92.71,111.11,4.50,8.09,6.37
95.83,110.82,4.50,55.00,5.59
94.45,108.89,4.50,41.82,0.16
91.66,113.33,4.57,48.00,14.53
87.11,117.55,4.50,30.91,14.36
96.74,120.85,4.50,9.73,6.00
95.06,120.87,4.50,5.82,5.83
95.50,121.18,4.50,13.73,11.35
108.42,124.17,4.72,66.00,8.73
113.14,138.66,5.50,50.36,23.64
115.00,137.14,5.50,179.64,7.91
123.00,126.50,7.62,104.73,8.36
126.64,124.37,4.50,2.73,2.21
141.28,125.12,4.50,13.27,7.95
139.30,120.90,4.50,23.27,1.97
146.97,126.59,6.97,68.45,6.27
152.39,130.06,4.50,7.82,5.59
155.26,131.21,4.50,3.64,4.46
156.59,132.90,4.50,9.82,2.64
153.72,134.67,4.50,5.82,6.94
142.01,134.99,4.50,23.09,0.36
141.38,133.37,4.50,1.09,0.82
129.89,127.72,4.80,0.09,5.82
116.40,124.65,4.50,5.00,2.09
116.79,130.55,4.50,21.36,4.64
116.79,130.56,4.50,30.45,4.00
116.79,130.56,4.50,15.36,1.82
64.00,64.00,4.50,0.00,0.00
70.00,147.00,-16.50,24.91,3.45
216.00,137.00,2.50,55.82,12.91
216.00,137.00,2.50,0.09,0.27
216.00,137.00,2.50,0.00,0.09
216.00,137.00,2.50,0.00,0.00
216.00,137.00,2.50,0.09,0.18
216.00,137.00,2.50,0.00,0.00
216.00,137.00,2.50,0.00,0.00
216.00,137.00,2.50,0.00,0.09
216.00,137.00,2.50,0.00,1.09
216.00,137.00,2.50,0.00,0.00
216.00,137.00,2.50,2.91,2.55
216.00,137.00,2.50,0.00,0.00
216.00,137.00,2.50,0.00,0.00
216.00,137.00,2.50,0.00,0.09
216.00,137.00,2.50,0.00,0.00
216.00,137.00,2.50,0.00,0.00
70.00,176.00,7.50,102.45,16.54
135.80,165.11,7.50,99.82,3.46
134.08,164.87,7.50,3.45,0.45
134.08,164.87,7.50,1.45,1.18
134.08,164.87,7.50,0.73,2.55
125.66,157.10,7.50,37.18,7.45
126.28,146.16,7.50,64.27,2.45
136.99,139.74,7.50,37.09,27.91
139.10,141.68,8.40,68.73,20.73
149.82,143.35,4.50,72.55,2.82
162.51,141.77,4.50,168.27,4.09
161.58,126.38,4.50,11.09,0.91
161.87,112.29,4.50,59.09,8.27
161.91,112.21,4.50,0.09,0.09
161.91,112.21,4.50,0.00,0.00
161.91,112.21,4.50,1.09,5.00
161.91,112.21,4.50,39.82,79.09
161.91,112.21,4.50,0.00,0.09
161.91,112.21,4.50,0.09,0.00
162.01,111.94,4.50,12.36,32.27
162.01,111.94,4.50,7.18,58.18
162.30,112.33,4.50,38.36,3.12
161.36,112.02,4.50,1.91,1.22
161.36,112.02,4.50,0.00,0.00
161.36,112.02,4.50,0.00,0.00
161.36,112.02,4.50,0.00,0.00
161.36,112.02,4.50,0.00,0.00
161.36,112.02,4.50,0.00,0.00
161.36,112.02,4.50,0.00,0.00
161.36,112.02,4.50,0.00,0.00
161.36,112.02,4.50,0.00,0.00
161.36,112.02,4.50,0.00,0.00
161.36,112.02,4.50,0.00,0.00
161.36,112.02,4.50,0.00,0.00
161.36,112.02,4.50,0.00,0.00
161.36,112.02,4.50,0.00,0.00
161.36,112.02,4.50,0.00,0.00
161.36,112.02,4.50,0.00,0.00
161.36,112.02,4.50,0.00,0.00
161.36,112.02,4.50,0.00,0.00
161.36,112.02,4.50,0.00,0.00
161.36,112.02,4.50,0.00,0.00
161.36,112.02,4.50,0.00,0.00
161.36,112.02,4.50,0.00,0.00
161.36,112.02,4.50,0.00,0.00
161.36,112.02,4.50,0.00,0.00
161.36,112.02,4.50,0.00,0.00
161.36,112.02,4.50,0.00,0.00
161.36,112.02,4.50,0.00,0.00
161.36,112.02,4.50,0.00,0.00
161.36,112.02,4.50,0.00,0.00
161.36,112.02,4.50,0.00,0.00
161.36,112.02,4.50,0.00,0.00
161.36,112.02,4.50,0.00,0.00
161.36,112.02,4.50,0.00,0.00
161.36,112.02,4.50,0.00,0.00
161.36,112.02,4.50,0.00,0.00
161.36,112.02,4.50,0.00,0.00
161.36,112.02,4.50,0.00,0.00
161.36,112.02,4.50,0.00,0.00
161.36,112.02,4.50,0.00,0.00
161.36,112.02,4.50,0.00,0.00
161.36,112.02,4.50,0.00,0.00
161.36,112.02,4.50,0.00,0.00
136.00,115.00,9.50,28.27,16.83
144.81,110.10,9.50,49.91,0.27
134.10,108.10,9.50,2.00,3.09
134.10,108.10,9.50,31.64,30.95
135.45,108.10,9.50,34.73,38.34
127.87,111.83,9.50,72.27,7.55
128.34,99.67,1.50,31.64,8.64
121.90,103.11,1.50,73.27,7.27
129.63,104.17,1.50,81.82,0.12
126.73,104.90,2.89,6.64,3.92
126.73,104.90,2.89,0.00,0.00
182.00,139.00,3.50,21.27,13.64
170.09,139.42,3.51,18.82,5.91
160.55,149.03,4.50,77.36,2.91
156.78,141.47,4.50,11.09,7.17
155.75,120.96,4.50,3.36,12.08
155.79,120.10,4.50,6.36,9.84
155.79,120.10,4.50,0.00,0.00
155.79,120.10,4.50,0.00,0.00
155.79,120.10,4.50,0.00,0.00
155.79,120.10,4.50,0.00,0.00
155.79,120.10,4.50,0.00,0.00
155.79,120.10,4.50,0.00,0.00
155.79,120.10,4.50,0.00,0.00
155.79,120.10,4.50,0.00,0.00
155.79,120.10,4.50,0.00,0.00
155.79,120.10,4.50,0.00,0.00
155.79,120.10,4.50,0.00,0.00
155.79,120.10,4.50,0.00,0.00
155.79,120.10,4.50,0.00,0.00
155.79,120.10,4.50,0.00,0.00
155.79,120.10,4.50,0.00,0.00
155.79,120.10,4.50,0.00,0.00
155.79,120.10,4.50,0.00,0.00
155.79,120.10,4.50,0.00,0.00
155.79,120.10,4.50,0.00,0.00
155.79,120.10,4.50,0.00,0.00
155.79,120.10,4.50,0.00,0.00
155.79,120.10,4.50,0.00,0.00
155.79,120.10,4.50,0.00,0.00
155.79,120.10,4.50,0.00,0.00
155.79,120.10,4.50,0.00,0.00
155.79,120.10,4.50,0.00,0.00
155.79,120.10,4.50,0.00,0.00
155.79,120.10,4.50,0.00,0.00
155.79,120.10,4.50,0.00,0.00
155.79,120.10,4.50,0.00,0.00
155.79,120.10,4.50,0.00,0.00
155.79,120.10,4.50,0.00,0.00
155.79,120.10,4.50,0.00,0.00
155.79,120.10,4.50,0.00,0.00
155.79,120.10,4.50,0.00,0.00
155.79,120.10,4.50,0.00,0.00
155.79,120.10,4.50,0.00,0.00
155.79,120.10,4.50,0.00,0.00
155.79,120.10,4.50,0.00,0.00
155.79,120.10,4.50,0.00,0.00
155.79,120.10,4.50,0.00,0.00
155.79,120.10,4.50,0.00,0.00
155.79,120.10,4.50,0.00,0.00
155.79,120.10,4.50,0.00,0.00
155.79,120.10,4.50,0.00,0.00
155.79,120.10,4.50,0.00,0.00
155.79,120.10,4.50,0.00,0.00
155.79,120.10,4.50,0.00,0.00
155.79,120.10,4.50,0.00,0.00
155.79,120.10,4.50,0.00,0.00
155.79,120.10,4.50,0.00,0.00
155.79,120.10,4.50,0.00,0.00
155.79,120.10,4.50,0.00,0.00
155.79,120.10,4.50,0.00,0.00
155.79,120.10,4.50,0.00,0.00
155.79,120.10,4.50,0.00,0.00
155.79,120.10,4.50,0.00,0.00
155.79,120.10,4.50,0.00,0.00
155.79,120.10,4.50,0.00,0.00
155.79,120.10,4.50,0.00,0.00
155.79,120.10,4.50,0.00,0.00
155.79,120.10,4.50,0.00,0.00
155.79,120.10,4.50,0.00,0.00
155.79,120.10,4.50,0.00,0.00
155.79,120.10,4.50,0.00,0.00
155.79,120.10,4.50,0.00,0.00
64.00,64.00,4.50,0.00,0.00
53.00,64.00,0.50,94.00,0.00
132.00,158.00,10.50,174.00,0.00
132.00,158.00,10.50,0.00,0.00
132.00,158.00,10.50,0.00,0.00
132.00,158.00,10.50,0.00,0.00
132.00,158.00,10.50,0.00,0.00
132.00,158.00,10.50,0.00,0.00
132.00,158.00,10.50,0.09,0.09
132.00,158.00,10.50,0.00,0.00
132.00,158.00,10.50,0.00,0.00
132.00,158.00,10.50,0.00,0.00
132.00,158.00,10.50,0.00,0.00
132.00,158.00,10.50,0.00,0.00
132.00,158.00,10.50,0.09,0.27
132.00,158.00,10.50,0.00,0.00
63.00,75.00,12.50,170.00,0.08
60.88,98.02,12.50,171.55,0.25
60.10,94.10,12.50,11.45,5.98
56.33,106.27,12.50,37.73,12.76
52.54,114.97,12.50,85.00,2.60
63.55,110.90,12.50,43.64,4.45
73.50,117.21,2.50,32.27,4.09
87.66,110.22,2.50,98.27,1.73
82.89,108.37,2.50,15.36,11.16
77.51,97.25,3.74,28.27,0.49
80.07,103.90,2.50,12.18,2.00
72.29,97.68,3.25,74.64,6.63
66.10,94.11,4.50,32.27,4.91
69.64,101.88,2.50,4.45,17.81
66.10,101.41,2.50,44.91,9.28
67.20,105.66,2.50,9.45,10.81
68.97,110.24,2.50,4.36,3.75
66.10,114.90,2.50,2.00,15.24
66.10,114.90,2.50,0.00,0.00
41.00,64.00,15.50,154.45,0.10
42.80,66.89,16.50,30.64,31.45
40.34,66.89,16.50,26.09,14.18
41.27,66.90,16.50,25.91,15.91
43.89,64.37,15.50,162.27,15.55
39.53,55.42,11.07,8.55,35.45
40.79,55.41,8.50,96.27,15.45
39.97,55.57,8.50,83.45,35.36
46.76,53.92,9.50,177.27,3.00
51.56,63.02,9.50,42.45,15.55
49.77,65.90,9.50,64.55,44.91
50.60,58.50,9.50,172.45,53.82
60.66,53.04,9.65,48.18,1.91
61.53,52.43,10.50,56.36,2.91
60.10,51.26,10.50,20.45,8.26
60.10,52.05,10.50,52.18,4.64
59.80,53.93,9.50,11.73,13.84
56.60,55.90,9.50,9.91,1.73
72.12,51.68,5.53,42.45,6.28
71.17,48.51,4.50,10.09,3.64
67.24,40.10,4.50,39.36,5.73
68.01,30.19,4.50,28.73,4.45
73.65,18.11,4.50,116.73,29.00
73.57,18.69,4.50,33.18,41.55
69.30,32.29,4.50,58.64,6.82
79.44,43.39,4.50,73.00,4.45
85.72,33.54,7.50,82.09,1.47
87.65,48.78,4.50,12.73,24.46
86.06,64.27,4.50,0.91,11.46
86.05,64.43,4.50,0.00,0.00
86.05,64.43,4.50,0.00,0.00
86.05,64.43,4.50,0.00,0.00
46.00,74.00,4.50,129.18,0.08
45.69,75.88,4.50,46.64,23.64
38.10,84.63,4.50,30.09,9.18
43.62,98.34,7.13,55.00,0.27
38.66,111.03,13.63,40.82,23.45
45.95,119.82,11.82,137.55,37.91
55.80,109.61,12.50,27.91,22.45
55.56,100.34,12.50,132.18,21.06
56.30,97.62,12.50,19.64,4.04
60.15,110.90,12.50,87.09,23.82
75.80,109.83,12.50,7.55,8.27
90.63,107.64,12.50,62.00,24.27
100.13,95.90,9.94,36.55,21.55
100.72,80.14,12.50,44.91,23.18
99.10,83.70,12.50,177.91,16.09
99.10,86.01,12.50,59.27,8.64
99.10,86.01,12.50,1.55,0.82
100.85,88.82,12.50,72.27,7.64
93.93,98.23,10.50,91.55,9.73
91.41,97.32,10.50,52.18,22.91
93.36,97.53,10.50,12.73,16.36
93.93,97.44,10.50,6.09,3.73
95.21,100.55,10.50,4.00,17.82
95.22,100.62,10.50,0.00,0.00
95.22,100.62,10.50,0.00,0.00
95.22,100.62,10.50,0.00,0.00
47.49,38.05,4.50,124.55,12.46
62.19,43.45,4.50,29.91,0.64
75.57,52.28,4.50,22.09,1.09
87.33,62.22,4.50,45.45,24.36
99.55,58.40,0.33,14.45,10.91
101.35,65.26,-1.58,70.91,31.30
100.01,69.29,-4.50,0.91,2.55
102.23,71.89,-5.50,5.36,10.18
97.10,73.90,-5.50,8.55,2.59
98.89,73.39,-5.50,7.09,2.91
97.25,73.90,-5.50,15.73,5.62
100.56,67.99,-3.50,4.64,15.76
101.90,65.63,-1.83,49.18,13.32
105.63,82.00,-5.50,4.64,0.77
103.10,83.23,-5.50,2.36,8.41
103.10,83.23,-5.50,60.91,30.45
109.86,81.49,-5.50,17.27,6.27
104.32,71.22,-5.50,114.27,5.45
104.50,58.73,-1.50,132.36,6.18
116.45,64.25,0.50,57.18,2.36
122.37,73.43,0.50,135.73,15.91
116.29,61.27,0.39,60.73,20.36
105.21,51.50,0.62,63.09,12.45
107.16,36.54,4.50,2.82,7.36
110.82,21.18,4.50,22.55,0.18
102.11,10.54,7.50,32.45,9.55
108.56,15.70,6.50,135.45,10.91
111.50,6.99,8.48,55.18,5.39
112.58,6.10,7.50,29.82,2.52
100.10,10.24,7.50,49.27,3.04
100.67,8.98,7.50,3.27,1.66
100.49,9.19,7.50,0.45,0.45
100.10,8.89,7.50,3.91,2.70
105.55,6.10,7.50,30.27,0.31
108.34,15.58,6.50,43.73,1.45
107.82,17.16,5.50,1.27,5.47
107.82,17.16,5.50,0.00,0.00
107.82,17.16,5.50,0.00,0.00
107.82,17.16,5.50,0.00,0.00
